762533
330380
581782
70043
576060
310921
420083
343925
69293
654042
218644
8243
795547
338228
252545
645012
811629
296644
300645
455755
656553
238055
647683
759723
934474
972382
182884
453504
505656
91226
705435
840077
277593
453967
884308
660348
76047
341383
562968
367662
785269
737307
393442
168462
782152
583241
176
594852
413194
234576
335230
408822
810199
711902
425219
169263
438468
585432
303262
454355
995347
868929
390056
946305
331557
273737
138885
727960
828698
668141
351804
249376
277370
63093
367474
704088
495349
159413
533550
155324
128982
510583
319440
870366
770185
812504
960363
732544
239013
226363
891465
262768
639891
555616
93247
976859
337311
367044
64032
624704
166934
109323
451055
804088
747793
458909
84069
139526
142496
542586
122228
203796
682654
415813
327284
940846
994319
804959
96360
738228
924614
718798
661280
530006
903515
123587
774581
852802
220690
988138
237043
106453
680030
557866
7000
834185
397667
97226
588970
458917
936869
62906
443891
390363
571774
763944
571822
490563
173899
775130
141140
265833
777725
294554
651686
849123
605370
863753
795270
475647
727200
692250
95062
208979
406023
10757
482989
662221
526798
618318
517659
909379
897786
661833
30387
638018
954468
117614
641352
692415
394892
732895
912872
896280
438037
405407
705087
508505
112279
288074
19827
516401
153229
843341
821694
323510
112802
470369
888291
272424
512931
746148
105269
451987
389371
671864
532347
387431
934214
596590
986564
454161
544403
281774
686769
627695
698833
511238
892036
288912
532736
62408
691889
13667
409367
309690
991557
958827
79415
954320
925025
107988
391442
646950
587425
295809
429206
374405
863379
385271
967447
170863
539415
837971
846415
292550
967005
145293
320826
917024
144821
346359
30751
276247
331006
654898
870117
497431
382625
718224
959916
54461
20
812894
55715
607175
748231
458001
860009
98113
111956
337824
335797
213369
396200
112982
666793
149464
350331
687907
614537
90327
840095
542054
122161
429560
85062
828050
741510
937947
688188
554958
824663
523047
171263
221180
329275
443969
314734
664904
193198
276742
400493
993042
409764
635490
778833
571141
770695
307530
937723
448011
981819
226324
356121
997015
944922
814422
642680
213301
333496
200955
766877
841533
382528
181890
228736
453239
659831
895113
753885
562894
716200
201899
230662
210190
906494
294323
623479
336202
8646
232342
210753
408430
744746
736919
362933
814501
927719
921745
386732
785387
859353
388630
418538
701957
213427
188406
447997
878502
354266
3032
439699
619371
890909
818640
56792
310825
274346
164050
229485
2275
35268
841328
582797
549038
805240
257390
707205
529611
536266
812762
95548
421362
758506
367520
908037
494146
910904
891504
167242
350305
183452
912132
362288
725459
128843
16378
87603
713313
946758
110639
205004
421755
767159
911830
951767
728360
876085
367022
886879
213064
407534
439662
935589
370200
988030
777207
368185
849305
162362
674952
893926
514569
981522
736543
659461
208089
349439
969321
916954
908690
54134
389819
333234
870219
871467
863950
744036
277164
703263
161359
629129
770662
587933
707129
230715
824414
947346
712017
945720
119840
226514
11195
126684
283941
642678
662971
769358
126115
851980
206675
927565
317692
100484
689978
651888
10500
743333
355819
961318
509715
112628
964238
299070
52133
154842
278961
7
213877
835967
835807
49700
983442
421658
388890
686423
959265
961258
481696
692540
987354
989780
797751
389706
734078
360392
502054
277011
345586
287576
914720
404650
331903
408963
974138
274350
395742
64188
572957
572355
574726
847147
441169
336358
185649
23387
466497
509425
596036
364321
528958
567196
804769
663844
470973
476080
724270
164986
769510
755565
358238
777418
351329
974488
972445
506131
893247
696411
61723
544812
612447
145354
685501
373459
875924
718813
219556
392621
694362
759174
960272
640375
948867
396847
673567
877116
366481
550738
435907
466538
836041
331105
418910
160831
706489
581150
604552
802369
835005
210582
275863
947594
195245
599899
421228
787598
194994
981507
460228
731193
244042
401694
689510
995005
475751
14825
268538
456208
251621
736216
381513
608909
407591
434684
551888
942263
348353
101735
571647
89627
526248
15898
118761
161643
35719
1452
331515
817382
742552
356890
910073
234625
488968
571885
733391
70434
297321
420076
384902
409135
297146
3989
755834
713483
401349
671418
844934
808822
345380
385792
26694
345830
367937
978588
283462
865438
704790
490767
843246
508576
250715
780021
841036
145718
393724
252773
389921
473491
263087
846817
514841
25355
254017
87426
599003
900305
319253
628850
334449
452256
152084
788638
612245
516123
193729
750220
948808
71817
751063
827817
992589
818549
558529
683355
731549
712149
406426
252269
810510
992387
212926
841518
673865
684817
933782
859267
517492
58638
77593
538311
94230
105834
531127
538665
554171
930136
825252
330005
59559
44684
704532
203727
175342
508155
415611
149652
62546
371167
303394
722021
813105
238745
592771
722463
649342
743312
684108
308718
466740
528716
877007
907429
776345
435036
692709
170760
823169
808701
610138
686495
571440
792037
582143
82197
351194
576074
174462
619429
532362
106208
692788
266181
653020
126394
480858
95897
111999
307146
620975
448676
696365
145451
693050
349569
160700
845291
602285
216973
715234
509534
105172
75135
547729
60047
882696
645939
109400
70817
514350
868515
472735
390784
965271
142528
667481
362107
156049
228952
621675
805963
139097
944715
219407
400132
654643
861465
224585
721681
767743
400650
3242
979193
941277
669142
270643
380301
804277
226408
113191
665585
132846
758810
542796
352974
567319
473997
341510
252798
89055
879039
875078
569731
324370
883844
758125
367453
465244
316042
335800
939793
163502
804403
724149
599188
319315
660492
660864
608762
792092
94418
284414
808116
282782
913410
657739
883365
217328
516060
321966
219726
763980
168194
317722
995543
437206
907454
519004
478832
225797
617425
938756
774045
321400
188116
103561
27298
322232
172358
500558
812889
488649
887006
129515
452101
387345
764101
270895
792665
826623
657729
113197
556016
334917
25070
993467
700457
557142
391866
371590
639794
679848
817855
881834
838189
99623
297099
124126
786592
348460
195802
56053
762579
463396
756126
886513
361915
623837
981989
997078
814962
124469
128803
567503
566381
548393
776276
854915
208689
195508
587726
714781
137891
829190
270030
630070
533788
89894
637380
843401
583338
215441
265253
196882
239110
9224
411832
577095
572224
186409
909629
6709
719531
655202
822546
752120
381486
302626
754268
437537
953143
176122
645790
226542
606646
367495
939670
954030
56197
686558
610285
878099
123680
223665
472047
958589
59224
999165
687873
327801
988595
980284
893008
970485
487521
467435
21167
965108
321816
302663
490221
828136
905927
262371
640609
821286
350958
126581
110148
11891
12693
611318
628815
694192
845330
92063
86294
588772
920609
736960
974391
595478
62805
317227
240496
184558
824798
429582
767366
41904
